# Created by Octave 3.4.3, Thu May 24 00:13:18 2012 EDT <lals@lals-desktop>
# name: yourPredictions
# type: matrix
# rows: 90
# columns: 1
 2
 2
 2
 2
 2
 2
 1
 2
 2
 2
 1
 1
 2
 1
 1
 1
 2
 1
 2
 2
 2
 2
 2
 2
 1
 2
 2
 1
 2
 1
 1
 1
 2
 1
 2
 2
 2
 1
 1
 1
 2
 2
 2
 2
 2
 2
 2
 1
 2
 2
 1
 2
 2
 2
 2
 2
 2
 2
 2
 2
 2
 2
 1
 1
 1
 2
 2
 2
 2
 2
 2
 1
 2
 1
 2
 2
 1
 2
 2
 2
 1
 2
 1
 2
 2
 2
 2
 2
 1
 2


